10 45 5
9 3 7 1 8
-3 4 -5 9 2
1 -5 -7 -6 -2
7 6 -8 4 5
9 5 -7 -6 8
1 2 6 -4 7
7 2 6 5 8
-5 7 9 -8 4
9 -7 -4 -2 -8
-10 -7 -4 3 -1
3 -1 -7 -8 -6
-7 -3 -10 -6 9
5 4 9 6 -10
7 -5 4 10 3
7 1 4 -3 8
-1 -10 3 -5 9
-6 -5 10 -7 -2
10 -5 3 -8 2
-8 -2 4 -10 -6
3 -10 -2 8 -6
5 10 6 -8 -7
-2 -8 10 4 9
9 -10 -6 2 3
-10 4 5 1 -7
1 9 2 7 -3
-5 7 4 -2 -6
-5 7 2 9 6
-8 1 3 -6 10
4 -5 3 -8 1
-9 6 -8 10 1
-1 -6 3 -10 -7
2 -6 5 1 10
4 1 -2 -3 -10
1 -9 -6 -2 4
9 7 -10 -4 -3
8 -9 7 -5 10
2 7 8 3 10
-8 -6 4 7 -3
10 2 -5 -1 -6
-9 -7 4 3 -1
-2 -3 -1 -6 4
-1 6 2 10 4
10 -6 9 -4 -5
-2 3 4 -5 -8
3 -7 -4 2 -5
