10 45 5
-10 -2 7 1 -6
-3 9 7 2 5
-9 -7 -3 -2 -10
-1 10 -2 -4 -8
-5 4 -1 7 -10
10 -5 2 -4 -7
4 3 -7 1 6
7 -6 9 8 10
-10 -6 4 5 -2
-2 10 -7 9 3
-5 -4 -1 -9 -3
-7 -9 -4 2 -10
-4 10 5 -2 6
7 -2 -3 6 1
-7 -8 -10 -9 2
-5 -7 4 6 -2
-6 7 -8 10 -1
-2 1 -10 -4 6
-7 2 9 3 -6
-5 7 -1 3 6
-7 -6 -1 -5 2
4 10 2 6 8
-9 -8 3 2 -4
-2 -8 5 10 6
-5 -3 7 10 1
1 -8 -4 -6 -7
-8 1 -10 -3 6
-8 -7 3 -9 -10
3 -10 -6 -1 8
-10 4 -2 -5 1
10 -3 9 -5 -8
-4 3 10 6 7
7 5 -8 9 -4
1 8 4 -10 2
-5 1 7 -2 -10
-5 -10 -9 -8 -6
-4 -10 9 8 6
8 -4 10 -5 9
-1 -4 -6 -2 -7
5 -10 -6 8 4
7 -2 3 10 -4
-1 6 -3 4 2
-10 8 6 5 7
4 3 -9 2 5
1 8 4 3 7
