10 100 5
-8 -5 -3 2 -9
-6 5 9 2 1
-1 5 2 6 -7
-7 -3 -1 -2 -9
5 4 10 -7 1
1 -5 8 -7 2
-2 -7 5 3 -6
3 -5 2 -4 -7
10 6 -1 -9 4
6 5 -10 7 2
7 10 9 8 -6
-6 9 1 -3 -7
1 5 3 9 -4
2 7 -9 3 -10
-6 -7 5 -10 -2
6 3 1 5 9
-5 -1 -4 10 8
7 1 -6 -2 4
-3 1 -4 9 -10
-3 -5 -4 -2 -8
4 1 8 2 -7
8 4 -1 5 3
9 -4 7 -10 1
-6 -8 9 2 -3
2 7 -1 10 3
-5 2 -3 -7 9
-8 -1 4 -10 -7
-9 -4 -2 -3 -7
-4 9 -5 -6 8
10 -4 -1 -6 3
2 3 -7 -10 5
-9 4 8 7 -1
1 2 -5 -8 9
5 -7 3 2 -10
3 -8 -2 -10 -9
7 -3 2 -8 4
3 9 10 -7 6
-1 9 8 -10 -5
6 1 9 7 5
5 -1 -10 -6 -8
6 -4 -7 1 8
8 7 9 -4 -10
3 6 -8 5 -1
-1 -7 -6 -10 8
10 -7 9 2 1
8 -6 -1 -4 -9
5 8 10 -4 -2
-2 -10 -1 -7 5
-5 6 -3 1 -8
-9 -1 5 -4 -6
-9 -5 -10 4 -7
8 -10 4 2 -1
-7 -9 -1 -2 -4
10 1 7 -2 8
-10 3 5 9 7
6 -3 -2 -7 -4
6 4 -8 2 -9
-8 -3 -7 5 2
-10 8 1 -4 2
-6 3 -8 9 2
-2 -8 -5 -6 -4
-10 9 -4 3 -7
7 8 9 1 -4
4 10 9 -5 7
-10 5 9 -3 1
6 5 -8 -10 9
-4 9 -2 -1 6
3 10 2 -7 -1
3 10 -5 -2 -6
-5 -2 10 -3 1
-1 -4 -9 -3 -6
-9 7 -3 10 -5
-4 -10 2 -5 7
8 -6 -5 -7 -3
1 -5 -10 2 -8
-6 -5 -2 1 -4
7 -4 -3 -5 8
1 -7 2 -10 4
9 2 4 8 7
4 8 9 10 5
8 3 5 7 6
-6 1 7 9 -2
-3 7 -6 2 5
-10 -2 4 -8 -5
-1 -8 7 -10 4
-8 -9 2 -4 5
9 1 10 2 3
9 1 8 6 2
-2 4 -1 5 -6
7 8 3 -9 2
3 -7 4 -6 2
-10 4 3 2 -6
6 10 2 -7 -8
10 5 8 -7 -1
-10 9 8 -7 -1
5 -1 -2 7 6
-9 -5 7 2 -6
-4 1 2 -6 9
1 9 -2 -8 -4
8 -2 3 -10 9
