10 45 5
-1 -5 -10 3 -2
-4 9 5 -10 -7
-6 5 2 -10 -1
-8 6 -3 1 5
6 -10 1 2 5
9 4 -1 -5 -10
1 -10 -5 7 8
-3 -1 9 -5 8
2 -5 3 -7 4
-3 4 8 -5 2
-6 -10 -8 5 -4
-8 -7 -3 5 4
9 -6 -4 1 10
-7 -6 3 -8 -5
-4 6 3 2 9
2 7 1 -9 -3
-9 8 3 4 2
7 -3 1 -4 6
-8 2 4 1 -9
3 -5 8 -9 -10
8 3 -4 -6 1
-2 9 -4 -7 1
6 -4 10 -2 8
6 8 -1 7 -4
1 -3 -9 -7 -5
2 7 6 -3 -1
3 5 -2 -7 -4
7 5 -4 -2 6
7 -1 9 -2 10
2 9 -4 -6 10
5 -2 9 1 10
-9 3 4 -2 7
-10 7 -5 -9 2
-9 -1 -8 -4 -3
-10 5 2 7 8
-3 -8 5 -6 7
5 -2 4 7 6
1 2 4 3 -5
-7 5 -3 10 -9
-7 -8 -6 10 -1
3 2 -1 -5 -10
-9 8 -5 1 -2
-3 9 10 -7 -2
-2 -6 4 -5 -7
4 -2 3 6 1
