10 45 5
-8 -2 -6 -1 4
2 4 8 10 3
-1 4 2 -6 8
2 5 7 -4 -1
2 -1 -6 8 9
-8 -9 -2 7 1
-3 7 -1 -2 -6
10 9 3 -2 -7
-5 -6 7 10 2
-2 -10 9 1 -5
-6 -7 -9 -4 1
4 -1 -5 7 -9
7 5 -3 -2 -9
1 9 8 10 -3
-9 5 3 -2 -1
-4 -3 6 8 -10
10 -2 9 6 -5
-9 7 6 -1 -3
10 -8 -4 7 2
7 -8 -5 2 3
-4 -1 -7 -9 2
4 2 5 -10 -1
-9 -7 -10 6 2
2 1 -6 8 5
-6 -3 4 7 -10
-7 10 9 2 3
7 -8 -4 -6 -2
-3 6 7 -4 -8
-4 -3 10 -9 1
7 -8 -3 5 9
-10 2 9 8 -1
-8 -1 4 -7 -2
10 -9 -1 4 7
-6 2 -3 7 -8
8 -6 -3 1 -7
-4 7 -2 6 -5
10 5 -2 9 -6
6 -3 5 4 10
6 3 5 10 4
-5 4 -1 2 3
6 7 -9 1 -8
3 2 10 1 -9
10 3 5 6 2
5 -9 2 7 -10
6 5 2 -10 -3
