10 45 5
-6 9 -10 7 -1
1 -2 -8 -9 10
-8 -6 -1 9 10
-2 -3 8 -6 -1
-10 -9 -6 8 4
4 8 2 7 -9
1 2 7 8 5
-4 -7 9 -1 5
-4 -10 1 5 -7
-5 6 -10 -7 -1
6 -8 -1 3 2
1 -3 -5 4 -7
-5 -7 8 -3 1
-2 3 6 -9 1
6 -7 9 8 10
4 -6 -10 -2 7
7 -3 6 -8 -1
-4 2 6 -9 -1
-7 -2 -1 4 5
-3 5 -4 8 -9
9 1 -8 -4 -7
-7 -8 5 -4 -6
1 10 3 -5 8
8 -4 -10 -9 3
2 -5 -1 7 -8
-10 1 7 -5 4
-10 7 -3 8 6
3 8 -6 10 -4
-7 1 3 6 -10
-3 -1 2 -10 5
8 2 -6 3 5
-8 2 9 -7 3
3 1 -9 -4 6
9 -8 -10 7 -3
1 -10 -6 7 -8
8 -6 -9 5 -10
3 2 4 5 -9
-9 -3 -4 -2 -7
-4 -5 2 10 1
7 -10 -3 1 -2
-7 8 -3 -5 -9
-4 -10 -5 -6 2
-3 5 1 7 8
-3 6 -7 -4 -9
9 7 6 10 -4
