10 45 5
3 -10 4 -8 1
4 9 -2 3 -5
3 -8 9 5 -2
6 -7 -8 -1 5
3 6 -4 -10 -9
9 -3 -8 -5 6
4 -2 -9 -1 3
4 -8 2 -7 6
5 -10 7 -1 2
-7 2 9 5 -6
6 8 -1 9 -5
7 -5 -2 -9 6
-2 3 8 -10 -9
-7 1 3 9 2
6 -2 8 -1 -3
10 3 -4 -6 -7
-10 6 -8 -3 -2
-1 -4 9 7 -5
-10 6 -1 -8 7
4 8 1 3 10
-10 5 -3 -4 6
-2 5 4 10 -7
-1 6 4 3 -7
9 -8 10 4 -3
-6 -4 -8 5 -3
6 -8 1 -2 -4
8 7 -5 -1 -10
1 -5 10 6 -4
-7 3 -5 -2 -9
5 -9 10 8 -1
10 4 1 -9 2
-3 4 1 -6 7
10 -7 2 9 -1
9 7 3 -5 4
-1 5 6 -3 -7
6 -8 7 10 5
9 -6 -1 3 -10
-1 2 -7 -8 5
-2 9 8 10 6
10 8 3 -7 -2
4 -1 5 -6 -10
3 5 10 -1 -4
-1 5 2 -8 3
-4 6 10 -1 3
10 -3 7 6 -9
