10 45 5
8 5 4 10 -6
6 8 -3 -9 10
-6 -4 -8 1 -5
8 6 10 -4 -2
-6 -2 4 1 -5
7 10 5 6 1
-3 8 -6 -10 -9
8 -3 1 7 -6
3 -2 6 1 8
6 -9 7 -10 8
6 -5 -10 9 -2
-9 5 -1 -10 -2
10 -8 3 9 -5
-5 10 -4 8 2
9 -6 -8 4 2
-1 -4 -8 6 -9
-10 -4 -1 8 5
-5 -9 -10 6 -4
-8 5 -6 -7 -2
10 5 -8 -2 4
-1 -8 7 -10 -3
-8 -3 4 7 2
1 -7 4 -9 -8
-5 -4 6 9 -7
-5 7 -1 9 2
3 4 2 -9 7
5 -8 4 2 -6
-9 -7 10 4 5
5 -4 -6 1 -8
-5 -9 6 4 -3
-8 -9 -10 -3 2
-10 4 -3 -5 1
-1 3 6 10 -2
2 -7 9 8 -1
-2 4 -8 -3 7
3 7 -4 1 10
-3 -8 10 9 7
-4 -1 -5 -7 -8
3 8 -6 -2 -10
6 -9 -2 5 -7
1 -3 5 4 -8
-8 1 2 9 -4
8 10 -5 -6 -3
10 -7 -4 -2 -5
-3 -5 10 2 -1
