5 1 
5 1 
5 1 
5 1 
5 1 
5 1 
5 1 
5 1 
5 1 
5 1 
7 1 
7 1 
7 1 
7 1 
7 1 
7 1 
7 1 
7 1 
7 1 
7 1 
11 1 
11 1 
11 1 
11 1 
11 1 
11 1 
11 1 
11 1 
11 1 
11 1 
17 1 
17 1 
17 1 
17 1 
17 1 
17 1 
17 1 
17 1 
17 1 
17 1 
27 1 
27 1 
27 1 
27 1 
27 1 
27 1 
27 1 
27 1 
27 1 
27 1 
45 1 
45 1 
45 1 
45 1 
45 1 
45 1 
45 1 
45 1 
45 1 
45 1 
75 1 
75 1 
75 1 
75 1 
75 1 
75 1 
75 1 
75 1 
75 1 
75 1 
125 1 
125 1 
125 1 
125 1 
125 1 
125 1 
125 1 
125 1 
125 1 
125 1 
207 1 
207 1 
207 1 
207 0 
207 1 
207 1 
207 1 
207 1 
207 0 
207 1 
345 0 
345 0 
345 0 
345 0 
345 0 
345 0 
345 0 
345 0 
345 0 
345 0 
575 0 
575 0 
575 0 
575 0 
575 0 
575 0 
575 0 
575 0 
575 0 
575 0 
957 0 
957 0 
957 0 
957 0 
957 0 
957 0 
957 0 
957 0 
957 0 
957 0 
1595 0 
1595 0 
1595 0 
1595 0 
1595 0 
1595 0 
1595 0 
1595 0 
1595 0 
1595 0 
2657 0 
2657 0 
2657 0 
2657 0 
2657 0 
2657 0 
2657 0 
2657 0 
2657 0 
2657 0 
4427 0 
4427 0 
4427 0 
4427 0 
4427 0 
4427 0 
4427 0 
4427 0 
4427 0 
4427 0 
7377 0 
7377 0 
7377 0 
7377 0 
7377 0 
7377 0 
7377 0 
7377 0 
7377 0 
7377 0 
5 1 
5 1 
5 1 
5 1 
5 1 
5 1 
5 1 
5 1 
5 1 
5 1 
7 1 
7 1 
7 1 
7 1 
7 1 
7 1 
7 1 
7 1 
7 1 
