5 : 0, 0
10 : 0.0001, 0
15 : 0.00024, 0.0001
20 : 0.00146, 0.0008 
24 : 0.00228, 0.001
 : 0.00132, 0.0012
 : 0.00066, 0.001
 : 0.0102, 0.001
25 : 0.00155, 0.001
26 : 0.0068, 0.002
27 : 0.0019, 0.0015
28 : 0.001, 0.0015
30 : 0.0012, 0.002000
 : 0.0012, 0.002
 : 0.0002, 0.002000

5 : 0, 0
10 : 100, 0
15 : 240, 100
20 : 1460, 800
24 : 2280, 1000
 : 1320, 1200
 : 660, 1000
 : 10.200, 1000
25 : 1550, 1000
26 : 6800, 2000
27 : 1900, 1500
28 : 1000, 1500
30 :1200, 2000
 : 1200, 2000
 : 200, 2000